.Random.seed <-
c(403L, 410L, 400616454L, 1761795984L, -2090139085L, 156637649L, 
254692224L, -941414818L, 2119564713L, -1894699941L, -1137355670L, 
-87823092L, 1582903119L, -1097520123L, 700215996L, 1420665746L, 
3235981L, 329086663L, -827760722L, -367941112L, -213873141L, 
-1295776023L, 301892024L, -1202946458L, 1268964097L, -479285869L, 
-906000830L, 2074614260L, 1693434871L, -1711573011L, 1477030020L, 
1329039018L, -1899308011L, -113922897L, -1967529290L, 1966645472L, 
-778466269L, 1291998017L, 1971256880L, -1215685554L, -1641024327L, 
1495331019L, -238985862L, 552697980L, 1513809087L, 1962520981L, 
2086590892L, -472888446L, 878850397L, 1598402647L, -1386739906L, 
949014392L, 742892635L, -270486599L, 943575560L, 1969969334L, 
286015473L, -641119709L, 60826226L, 1315166404L, -2102047097L, 
-214038947L, 157673556L, 1441397370L, -1742904891L, -784125153L, 
1096498854L, 1917988912L, -88214829L, 1853237489L, -1677978592L, 
1438839486L, -1259161911L, -1424567173L, 514656842L, -2039419220L, 
787949999L, 2067382629L, -1192964324L, 712127346L, -1221709843L, 
2009169959L, -950732722L, 2041871528L, 244789931L, -1484859447L, 
-2095445032L, -1136289146L, 768039777L, -1248223501L, -158391966L, 
1734295508L, 839543511L, 199512269L, -1354176412L, 581764682L, 
111539125L, 1141698319L, -1127781354L, -1679935808L, -1026346877L, 
-1359156063L, -973176176L, -943505042L, 1466941209L, 1628107691L, 
918299034L, -2002315940L, -457946017L, -1647750091L, 741060556L, 
1114098466L, -302361219L, -1402530185L, 669626270L, -1330393512L, 
1549281211L, 1366493529L, 1015874280L, -1823638762L, -851243887L, 
-866254525L, -1828811694L, 1250152164L, 460814631L, 1631033725L, 
446189684L, 944591450L, 1292877477L, -1034597185L, -1068822714L, 
-1694388784L, -895201293L, 1223874321L, 2007177024L, -1693262050L, 
-203526167L, 891946267L, 1261018922L, 1889603660L, -954943473L, 
-1788316859L, 1853945084L, 1508827986L, -1718012723L, 1770566791L, 
241332078L, 6414664L, -1363573429L, 697043113L, -224511496L, 
1477060902L, 461044289L, -1579011117L, 2004705666L, -1816648268L, 
-317337289L, 1884263469L, -1284923068L, -652446102L, -421650219L, 
1391070831L, -315954314L, -70927200L, -822938269L, 1061549569L, 
1400337776L, -1843256050L, 620996473L, -1265051893L, -854394822L, 
1854883644L, 501654655L, 1648121813L, 1735268844L, 1380375362L, 
-1123990371L, 1434819863L, -125160322L, -325800904L, 23661339L, 
1437753465L, -1471772472L, -376487690L, 571793713L, -1053873821L, 
-1402217678L, 1764775044L, -273518393L, 2140621725L, 1287171860L, 
-253467206L, -1483373563L, -27608609L, 198065254L, 1520245744L, 
773997843L, 1432885937L, -1384467104L, 665742078L, 2097383049L, 
-2038754885L, -60183670L, -825101716L, -140968977L, -2079529947L, 
415833308L, -2010271054L, 1552016813L, -1067935385L, 1993733774L, 
-527319192L, -1245870229L, 1797579017L, 1454839704L, 1397264070L, 
793000993L, 1655290035L, -1263697374L, 1568732180L, 207988887L, 
642624141L, 1101941668L, 1271895434L, 890868213L, 1910934607L, 
294218582L, 1688076800L, 348740419L, -1863480832L, 74270780L, 
2128577104L, 1623130274L, -381566136L, -59000308L, -232121636L, 
-1732349870L, 505400448L, -1000765612L, -466337816L, -594201862L, 
-367130800L, 1599775788L, -20313740L, 1794059922L, 818143840L, 
-1154584436L, 49713504L, -1919461150L, -949621592L, -1590176052L, 
-1964320260L, -980268110L, 648266736L, 2084864452L, -1987625640L, 
-1167036038L, -851316304L, 1090628028L, 119520852L, -1362650686L, 
2091451168L, 920384444L, 1932546128L, 309795810L, -1035452568L, 
-758753460L, 1338928892L, 1029408498L, 450788608L, 1059929204L, 
-1234915832L, 1866458554L, -1055873584L, -764811284L, -961270892L, 
1161980114L, 580686944L, 978799948L, -388173024L, -164042110L, 
-1456008728L, 1216044012L, -245576132L, -1312438670L, -606737552L, 
1156287780L, 718592568L, -11173478L, -1079341616L, 736036284L, 
1574440596L, -1249381758L, -380465728L, 2095830844L, 17883792L, 
638592802L, 984598024L, 1039049484L, 1353675676L, -1025016814L, 
-2082501760L, -1122235628L, -194390744L, 917364794L, 658764752L, 
984717932L, 1799646260L, 1046212754L, 1732655456L, 979139916L, 
-44460576L, -2145829982L, 1538685864L, -1826411380L, -699948100L, 
-1353329550L, 812034032L, 171496516L, -440457128L, 1851650106L, 
898181232L, 1366830652L, -493345004L, 1515621058L, 781464288L, 
-369007492L, 35605712L, -1015315550L, 1508654632L, -1289228020L, 
-434161732L, 1519845682L, -1697474368L, -1307446732L, 136538824L, 
-58928454L, -907928432L, 891762412L, 2102285908L, -1185859950L, 
-1576409312L, -1019308084L, -905860896L, 851254978L, -548178904L, 
-546915412L, 1825012412L, -107601422L, 275387952L, 1047828388L, 
-794463816L, 1308019546L, -105831280L, 812776316L, -1034457324L, 
-1763021502L, 1787211520L, -599901252L, 223743824L, 894939426L, 
-948057528L, -1993099252L, 886811740L, 1176916434L, -2016004608L, 
1300746580L, 1861406952L, -1122045702L, -656443696L, 280185132L, 
1823893748L, 1718508946L, -910595744L, 650274828L, 1065380576L, 
1499124322L, 1952582312L, 486607436L, -61606020L, -730972878L, 
-1564506512L, -937772220L, 1982207960L, 1954615162L, 1489886768L, 
-209324100L, 1435256404L, 253032514L, 1509568672L, -1526526276L, 
968772048L, 852362082L, -476888344L, -827567924L, -203804164L, 
-615507470L, 1364404864L, 916927988L, -1645345144L, 975130426L, 
-1960266928L, 318993516L, 434727316L, 1195201618L, 1223961056L, 
-998097716L, -939275104L, 1140610434L, 974635240L, -935354644L, 
-1356890820L, -1651819406L, 753193072L, 954591268L, 702999608L, 
1220163354L, -1359573808L, -789326020L, 655226772L, -394306686L, 
-1711836736L, 1694350908L, -155789936L, 225379874L, 46816520L, 
561624716L, -378247396L, -786141038L, 354023808L, -638185964L, 
568266536L, -921984454L, -767552048L, -418858644L, -341077068L, 
-51423214L, -1699701280L, -1740386356L, 1280684256L, 690276386L, 
-891518680L, 746618380L, -1902010564L, 1362463730L, 408251120L, 
545015364L, -2768296L, 1432641338L, -680659472L, 1210887868L, 
-1908471532L, 786000578L, -1544807328L, 1164407676L, -1656830000L, 
-317763133L, -219145532L, 1735793010L, -43760569L, -1138898927L, 
936546710L, -910473996L, 854503045L, 1467008975L, 564078280L, 
-1659633818L, 263710099L, -1728981259L, -1895344430L, -251059936L, 
-1019211511L, 930829883L, 642435980L, 1342818842L, 1560582799L, 
-1905949223L, 1545554542L, -160867844L, 1045920621L, 1756611863L, 
-10850080L, -1901123906L, 1125631115L, -333909235L, -466693318L, 
1013099384L, 1705384225L, 960639443L, -1909301004L, 10477954L, 
-889936873L, -1727859999L, 2131848230L, 857667876L, -960185899L, 
796398975L, -198530024L, -1390582986L, -1962617405L, -511943675L, 
1923725218L, -1621060720L, -386312391L, 64963563L, -812690212L, 
-841159414L, 1878660095L, -664033719L, -1522478114L, -292885620L, 
752577373L, -654419097L, -270069616L, 1539739310L, 1758620507L, 
-1244153027L, -903106134L, 1863294536L, 1431924337L, -1245794333L, 
-317359388L, 1216791058L, -1837615641L, 1511547313L, -1968658442L, 
1493096980L, 593978661L, -1675176401L, 1177834472L, -1674648378L, 
-1075887757L, 293128661L, -891445838L, 314012544L, -2024552599L, 
153856987L, -206032084L, -399594182L, 774116335L, 478897785L, 
1315889422L, -1507393316L, 1062459213L, 1135498935L, -834620352L, 
-1150104290L, -1281464341L, 2066852717L, -470357542L, -949173352L, 
-98821631L, 992320435L, 1027152596L, 1679272930L, 174300791L, 
2059577281L, 1311003974L, -1482709884L, -1925707211L, -1503563233L, 
1120281976L, 1335395414L, 1313765603L, -494629211L, -1528085694L, 
1950615856L, 1137963353L, -687340853L, 1797991228L, -1877933206L, 
-2010320481L, -1266751447L, 102560446L, 4817836L, 179163389L, 
928635975L, -1220277456L, -1826374578L, -1382018949L, -777534499L, 
-2112198134L, -359235800L, 1330368913L, 58812291L, 232504452L, 
1692535474L, -1559745017L, -515477935L, 1493935574L, 890435764L, 
-480369467L, -504093169L, -1062601080L, 385274790L, 1991891795L, 
-1541114699L, -1623264750L, 2058362848L, -1859407287L, -378161029L, 
-998897332L, 33037530L, -622592817L, 2010658969L, -1495395154L, 
